Encryption start
Generated Sub Keys
w[0] = 49 97 50 53
w[1] = 115 56 102 101
w[2] = 53 100 115 103
w[3] = 54 53 97 100


Take the current 16 bytes from input text
start round initialisation from 1 to 10
round: 1
    SubBytes state
	-74 -100 41 57
	-14 -6 27 83
	88 90 -92 -125
	-53 48 111 -41


    ShiftRows state
	-74 -100 41 57
	-6 27 83 -14
	-92 -125 88 90
	-41 -53 48 111


    MixColumns state
	17 70 -49 74
	121 -1 87 71
	125 -36 -102 -50
	42 -86 16 61


    AddRoundKey state
	-73 -109 47 -100
	-9 73 -123 -96
	12 -53 -2 -53
	26 -1 34 107


round: 2
    SubBytes state
	-87 -36 21 -34
	104 59 -105 -32
	-2 31 -69 31
	-94 22 -109 127


    ShiftRows state
	-87 -36 21 -34
	59 -105 -32 104
	-69 31 -2 31
	127 -94 22 -109


    MixColumns state
	-64 -68 -7 -109
	118 106 -63 -68
	126 -120 40 38
	-98 -88 13 51


    AddRoundKey state
	-16 89 -4 64
	-109 57 64 -38
	-66 95 -101 -112
	88 59 -84 -60


round: 3
    SubBytes state
	-116 -53 -80 9
	-36 18 9 87
	-82 -49 20 96
	106 -30 -111 28


    ShiftRows state
	-116 -53 -80 9
	18 9 87 -36
	20 96 -82 -49
	28 106 -30 -111


    MixColumns state
	61 -100 -50 51
	-120 19 21 113
	-110 -68 -99 -8
	-79 -5 -19 49


    AddRoundKey state
	58 126 41 7
	35 -21 108 110
	58 -61 81 -126
	17 -56 127 84


round: 4
    SubBytes state
	-128 -13 -91 -59
	38 -23 80 -97
	-128 46 -47 19
	-126 -24 -46 32


    ShiftRows state
	-128 -13 -91 -59
	-23 80 -97 38
	-47 19 -128 46
	32 -126 -24 -46


    MixColumns state
	-54 -100 -125 7
	1 -28 -13 41
	-80 24 2 -46
	-29 82 32 -29


    AddRoundKey state
	5 -79 73 -7
	112 109 3 -58
	85 -126 84 -2
	91 -39 57 -97


round: 5
    SubBytes state
	107 -56 59 -103
	81 60 123 -76
	-4 19 32 -69
	57 53 18 -37


    ShiftRows state
	107 -56 59 -103
	60 123 -76 81
	32 -69 -4 19
	-37 57 53 18


    MixColumns state
	105 -124 120 -37
	-88 -47 98 28
	97 -107 51 -40
	12 -15 111 -42


    AddRoundKey state
	105 -87 -97 -62
	-88 88 27 -118
	-108 -6 10 -51
	15 121 -2 59


round: 6
    SubBytes state
	-7 -45 -37 37
	-62 106 -81 126
	34 45 103 -67
	118 -74 -69 -30


    ShiftRows state
	-7 -45 -37 37
	106 -81 126 -62
	103 -67 34 45
	-30 118 -74 -69


    MixColumns state
	-46 -100 -69 -127
	102 60 -9 118
	96 -121 32 107
	-62 -112 93 -19


    AddRoundKey state
	98 1 -63 -30
	63 -20 94 73
	-64 72 -42 -120
	21 -49 -109 -50


round: 7
    SubBytes state
	-86 124 120 -104
	117 -50 88 59
	-70 82 -10 -60
	89 -118 -36 -117


    ShiftRows state
	-86 124 120 -104
	-50 88 59 117
	-10 -60 -70 82
	-117 89 -118 -36


    MixColumns state
	123 -115 -115 58
	-89 -62 81 88
	21 92 -87 54
	-48 -86 6 55


    AddRoundKey state
	-2 -107 -17 59
	-17 90 96 86
	-109 21 22 106
	-4 -39 -69 -87


round: 8
    SubBytes state
	-69 42 -33 -30
	-33 -66 -48 -79
	-36 89 71 2
	-80 53 -22 -45


    ShiftRows state
	-69 42 -33 -30
	-66 -48 -79 -33
	71 2 -36 89
	-45 -80 53 -22


    MixColumns state
	32 -115 -124 22
	-58 39 -20 70
	-27 53 -110 -86
	-110 -41 125 116


    AddRoundKey state
	-114 59 80 -61
	-60 -67 71 -29
	104 -15 -23 -115
	-62 -12 -29 116


round: 9
    SubBytes state
	25 -30 83 46
	28 122 -96 17
	69 -95 30 93
	37 -65 17 -110


    ShiftRows state
	25 -30 83 46
	122 -96 17 28
	30 93 69 -95
	-110 37 -65 17


    MixColumns state
	48 92 111 -56
	93 123 1 -1
	-14 -105 18 88
	112 -118 -60 -19


    AddRoundKey state
	-125 89 -66 -52
	-109 47 -2 -91
	28 -67 67 46
	35 -6 42 3


round: 10
    SubBytes state
	-20 -53 -82 75
	-36 21 -69 6
	-100 122 26 49
	38 45 -27 123


    ShiftRows state
	-20 -53 -82 75
	21 -69 6 -36
	26 49 -100 122
	123 38 45 -27


    AddRoundKey state
	-41 -11 65 -96
	-29 25 91 -37
	-36 -35 33 -79
	-38 -9 18 52


bloc.Length = 16
start round initialisation from 1 to 10
round: 1
    SubBytes state
	44 -81 -66 5
	-125 -79 43 -106
	-68 90 13 -17
	-66 35 -123 67


    ShiftRows state
	44 -81 -66 5
	-79 43 -106 -125
	13 -17 -68 90
	67 -66 35 -123


    MixColumns state
	-34 105 89 75
	1 109 117 115
	66 -104 46 -90
	78 73 -75 -57


    AddRoundKey state
	120 -68 -71 -99
	-113 -37 -89 -108
	51 -113 74 -93
	126 28 -121 -111


round: 2
    SubBytes state
	-68 101 86 94
	115 -71 92 34
	-61 115 -42 10
	-13 -100 23 -127


    ShiftRows state
	-68 101 86 94
	-71 92 34 115
	-42 10 -61 115
	-127 -13 -100 23


    MixColumns state
	-28 -41 -107 77
	53 48 -48 58
	42 35 86 -14
	-87 4 56 -52


    AddRoundKey state
	-44 50 -112 -98
	-48 99 81 92
	-22 -12 -27 68
	111 -105 -103 59


round: 3
    SubBytes state
	72 35 96 11
	112 -5 -47 74
	-121 -65 -39 27
	-88 -120 -18 -30


    ShiftRows state
	72 35 96 11
	-5 -47 74 112
	-39 27 -121 -65
	-30 -88 -120 -18


    MixColumns state
	-67 -99 17 -41
	55 31 -18 -33
	39 39 -68 55
	37 -28 102 21


    AddRoundKey state
	-70 127 -10 -29
	-100 -25 -105 -64
	-113 88 112 77
	-123 -41 -12 112


round: 4
    SubBytes state
	-12 -46 66 17
	-34 -108 -120 -70
	115 106 81 -29
	-105 14 -65 81


    ShiftRows state
	-12 -46 66 17
	-108 -120 -70 -34
	81 -29 115 106
	81 -105 14 -65


    MixColumns state
	84 72 44 -114
	101 112 -74 -73
	49 37 12 -63
	96 51 19 -30


    AddRoundKey state
	-101 101 -26 112
	20 -7 70 88
	-44 -65 90 -19
	-40 -72 10 -98


round: 5
    SubBytes state
	20 77 -114 81
	-6 -103 90 106
	72 8 -66 85
	97 108 103 11


    ShiftRows state
	20 77 -114 81
	-103 90 106 -6
	-66 85 72 8
	11 97 108 103


    MixColumns state
	45 64 -99 -40
	-17 103 -18 -63
	-9 30 -64 18
	13 26 115 -49


    AddRoundKey state
	45 109 122 -63
	-17 -18 -105 87
	2 113 -7 7
	14 -110 -30 34


round: 6
    SubBytes state
	-40 60 -38 120
	-33 40 -120 91
	119 -93 -103 -59
	-85 79 -104 -109


    ShiftRows state
	-40 60 -38 120
	40 -120 91 -33
	-103 -59 119 -93
	-109 -85 79 -104


    MixColumns state
	-39 -107 122 -79
	-85 -56 -70 -69
	119 -61 -66 73
	-1 68 -57 -33


    AddRoundKey state
	105 8 0 -46
	-14 24 19 -124
	-41 12 72 -86
	40 27 9 -4


round: 7
    SubBytes state
	-7 48 99 -75
	-119 -83 125 95
	14 -2 82 -84
	52 -81 1 -80


    ShiftRows state
	-7 48 99 -75
	-83 125 95 -119
	82 -84 14 -2
	-80 52 -81 1


    MixColumns state
	-25 127 -122 14
	-2 17 96 -92
	59 82 -54 -40
	-108 -23 -79 -79


    AddRoundKey state
	98 103 -28 15
	-74 -119 81 -86
	-67 27 117 -124
	-72 -102 12 47


round: 8
    SubBytes state
	-86 -123 105 118
	78 -89 -47 -84
	122 -81 -99 95
	108 -72 -2 21


    ShiftRows state
	-86 -123 105 118
	-89 -47 -84 78
	-99 95 122 -81
	21 108 -72 -2


    MixColumns state
	53 74 -1 111
	86 -79 28 -2
	19 94 -30 100
	-11 -62 6 -100


    AddRoundKey state
	-101 -4 43 -70
	84 43 -73 91
	-98 -102 -103 67
	-91 -31 -104 -100


round: 9
    SubBytes state
	20 -80 -15 -12
	32 -15 -87 57
	11 -72 -18 26
	6 -8 70 -34


    ShiftRows state
	20 -80 -15 -12
	-15 -87 57 32
	-18 26 11 -72
	-34 6 -8 70


    MixColumns state
	16 -121 65 109
	26 -47 102 33
	91 39 -51 117
	-124 116 -47 19


    AddRoundKey state
	-93 -126 -112 105
	-44 -123 -103 123
	-75 13 -100 3
	-41 4 63 -3


round: 10
    SubBytes state
	10 19 96 -7
	72 -105 -18 33
	-43 -41 -34 123
	14 -14 117 84


    ShiftRows state
	10 19 96 -7
	-105 -18 33 72
	-34 123 -43 -41
	84 14 -14 117


    AddRoundKey state
	49 45 -113 18
	97 76 124 79
	24 -105 104 28
	-11 -33 -51 -92


Decryption start
Generated Sub Keys
w[0] = 49 97 50 53
w[1] = 115 56 102 101
w[2] = 53 100 115 103
w[3] = 54 53 97 100


Take the current 16 bytes from cipher text
start round initialisation from 9 to 1
round: 9
 InvSubBytes state
	-125 89 -66 -52
	47 -2 -91 -109
	67 46 28 -67
	3 35 -6 42


 InvShiftRows state
	-125 89 -66 -52
	-109 47 -2 -91
	28 -67 67 46
	35 -6 42 3


    AddRoundKey state
	48 92 111 -56
	93 123 1 -1
	-14 -105 18 88
	112 -118 -60 -19


 InvMixColumns state
	25 -30 83 46
	122 -96 17 28
	30 93 69 -95
	-110 37 -65 17


round: 8
 InvSubBytes state
	-114 59 80 -61
	-67 71 -29 -60
	-23 -115 104 -15
	116 -62 -12 -29


 InvShiftRows state
	-114 59 80 -61
	-60 -67 71 -29
	104 -15 -23 -115
	-62 -12 -29 116


    AddRoundKey state
	32 -115 -124 22
	-58 39 -20 70
	-27 53 -110 -86
	-110 -41 125 116


 InvMixColumns state
	-69 42 -33 -30
	-66 -48 -79 -33
	71 2 -36 89
	-45 -80 53 -22


round: 7
 InvSubBytes state
	-2 -107 -17 59
	90 96 86 -17
	22 106 -109 21
	-87 -4 -39 -69


 InvShiftRows state
	-2 -107 -17 59
	-17 90 96 86
	-109 21 22 106
	-4 -39 -69 -87


    AddRoundKey state
	123 -115 -115 58
	-89 -62 81 88
	21 92 -87 54
	-48 -86 6 55


 InvMixColumns state
	-86 124 120 -104
	-50 88 59 117
	-10 -60 -70 82
	-117 89 -118 -36


round: 6
 InvSubBytes state
	98 1 -63 -30
	-20 94 73 63
	-42 -120 -64 72
	-50 21 -49 -109


 InvShiftRows state
	98 1 -63 -30
	63 -20 94 73
	-64 72 -42 -120
	21 -49 -109 -50


    AddRoundKey state
	-46 -100 -69 -127
	102 60 -9 118
	96 -121 32 107
	-62 -112 93 -19


 InvMixColumns state
	-7 -45 -37 37
	106 -81 126 -62
	103 -67 34 45
	-30 118 -74 -69


round: 5
 InvSubBytes state
	105 -87 -97 -62
	88 27 -118 -88
	10 -51 -108 -6
	59 15 121 -2


 InvShiftRows state
	105 -87 -97 -62
	-88 88 27 -118
	-108 -6 10 -51
	15 121 -2 59


    AddRoundKey state
	105 -124 120 -37
	-88 -47 98 28
	97 -107 51 -40
	12 -15 111 -42


 InvMixColumns state
	107 -56 59 -103
	60 123 -76 81
	32 -69 -4 19
	-37 57 53 18


round: 4
 InvSubBytes state
	5 -79 73 -7
	109 3 -58 112
	84 -2 85 -126
	-97 91 -39 57


 InvShiftRows state
	5 -79 73 -7
	112 109 3 -58
	85 -126 84 -2
	91 -39 57 -97


    AddRoundKey state
	-54 -100 -125 7
	1 -28 -13 41
	-80 24 2 -46
	-29 82 32 -29


 InvMixColumns state
	-128 -13 -91 -59
	-23 80 -97 38
	-47 19 -128 46
	32 -126 -24 -46


round: 3
 InvSubBytes state
	58 126 41 7
	-21 108 110 35
	81 -126 58 -61
	84 17 -56 127


 InvShiftRows state
	58 126 41 7
	35 -21 108 110
	58 -61 81 -126
	17 -56 127 84


    AddRoundKey state
	61 -100 -50 51
	-120 19 21 113
	-110 -68 -99 -8
	-79 -5 -19 49


 InvMixColumns state
	-116 -53 -80 9
	18 9 87 -36
	20 96 -82 -49
	28 106 -30 -111


round: 2
 InvSubBytes state
	-16 89 -4 64
	57 64 -38 -109
	-101 -112 -66 95
	-60 88 59 -84


 InvShiftRows state
	-16 89 -4 64
	-109 57 64 -38
	-66 95 -101 -112
	88 59 -84 -60


    AddRoundKey state
	-64 -68 -7 -109
	118 106 -63 -68
	126 -120 40 38
	-98 -88 13 51


 InvMixColumns state
	-87 -36 21 -34
	59 -105 -32 104
	-69 31 -2 31
	127 -94 22 -109


round: 1
 InvSubBytes state
	-73 -109 47 -100
	73 -123 -96 -9
	-2 -53 12 -53
	107 26 -1 34


 InvShiftRows state
	-73 -109 47 -100
	-9 73 -123 -96
	12 -53 -2 -53
	26 -1 34 107


    AddRoundKey state
	17 70 -49 74
	121 -1 87 71
	125 -36 -102 -50
	42 -86 16 61


 InvMixColumns state
	-74 -100 41 57
	-6 27 83 -14
	-92 -125 88 90
	-41 -53 48 111


round: 0
	121 28 76 91
	20 68 80 4
	29 65 94 70
	13 89 8 6


 InvShiftRows state
	121 28 76 91
	4 20 68 80
	94 70 29 65
	89 8 6 13


    AddRoundKey state
	72 111 121 109
	101 44 32 101
	108 32 110 32
	108 109 97 105


Last decryption block
start round initialisation from 9 to 1
round: 9
 InvSubBytes state
	-93 -126 -112 105
	-123 -103 123 -44
	-100 3 -75 13
	-3 -41 4 63


 InvShiftRows state
	-93 -126 -112 105
	-44 -123 -103 123
	-75 13 -100 3
	-41 4 63 -3


    AddRoundKey state
	16 -121 65 109
	26 -47 102 33
	91 39 -51 117
	-124 116 -47 19


 InvMixColumns state
	20 -80 -15 -12
	-15 -87 57 32
	-18 26 11 -72
	-34 6 -8 70


round: 8
 InvSubBytes state
	-101 -4 43 -70
	43 -73 91 84
	-103 67 -98 -102
	-100 -91 -31 -104


 InvShiftRows state
	-101 -4 43 -70
	84 43 -73 91
	-98 -102 -103 67
	-91 -31 -104 -100


    AddRoundKey state
	53 74 -1 111
	86 -79 28 -2
	19 94 -30 100
	-11 -62 6 -100


 InvMixColumns state
	-86 -123 105 118
	-89 -47 -84 78
	-99 95 122 -81
	21 108 -72 -2


round: 7
 InvSubBytes state
	98 103 -28 15
	-119 81 -86 -74
	117 -124 -67 27
	47 -72 -102 12


 InvShiftRows state
	98 103 -28 15
	-74 -119 81 -86
	-67 27 117 -124
	-72 -102 12 47


    AddRoundKey state
	-25 127 -122 14
	-2 17 96 -92
	59 82 -54 -40
	-108 -23 -79 -79


 InvMixColumns state
	-7 48 99 -75
	-83 125 95 -119
	82 -84 14 -2
	-80 52 -81 1


round: 6
 InvSubBytes state
	105 8 0 -46
	24 19 -124 -14
	72 -86 -41 12
	-4 40 27 9


 InvShiftRows state
	105 8 0 -46
	-14 24 19 -124
	-41 12 72 -86
	40 27 9 -4


    AddRoundKey state
	-39 -107 122 -79
	-85 -56 -70 -69
	119 -61 -66 73
	-1 68 -57 -33


 InvMixColumns state
	-40 60 -38 120
	40 -120 91 -33
	-103 -59 119 -93
	-109 -85 79 -104


round: 5
 InvSubBytes state
	45 109 122 -63
	-18 -105 87 -17
	-7 7 2 113
	34 14 -110 -30


 InvShiftRows state
	45 109 122 -63
	-17 -18 -105 87
	2 113 -7 7
	14 -110 -30 34


    AddRoundKey state
	45 64 -99 -40
	-17 103 -18 -63
	-9 30 -64 18
	13 26 115 -49


 InvMixColumns state
	20 77 -114 81
	-103 90 106 -6
	-66 85 72 8
	11 97 108 103


round: 4
 InvSubBytes state
	-101 101 -26 112
	-7 70 88 20
	90 -19 -44 -65
	-98 -40 -72 10


 InvShiftRows state
	-101 101 -26 112
	20 -7 70 88
	-44 -65 90 -19
	-40 -72 10 -98


    AddRoundKey state
	84 72 44 -114
	101 112 -74 -73
	49 37 12 -63
	96 51 19 -30


 InvMixColumns state
	-12 -46 66 17
	-108 -120 -70 -34
	81 -29 115 106
	81 -105 14 -65


round: 3
 InvSubBytes state
	-70 127 -10 -29
	-25 -105 -64 -100
	112 77 -113 88
	112 -123 -41 -12


 InvShiftRows state
	-70 127 -10 -29
	-100 -25 -105 -64
	-113 88 112 77
	-123 -41 -12 112


    AddRoundKey state
	-67 -99 17 -41
	55 31 -18 -33
	39 39 -68 55
	37 -28 102 21


 InvMixColumns state
	72 35 96 11
	-5 -47 74 112
	-39 27 -121 -65
	-30 -88 -120 -18


round: 2
 InvSubBytes state
	-44 50 -112 -98
	99 81 92 -48
	-27 68 -22 -12
	59 111 -105 -103


 InvShiftRows state
	-44 50 -112 -98
	-48 99 81 92
	-22 -12 -27 68
	111 -105 -103 59


    AddRoundKey state
	-28 -41 -107 77
	53 48 -48 58
	42 35 86 -14
	-87 4 56 -52


 InvMixColumns state
	-68 101 86 94
	-71 92 34 115
	-42 10 -61 115
	-127 -13 -100 23


round: 1
 InvSubBytes state
	120 -68 -71 -99
	-37 -89 -108 -113
	74 -93 51 -113
	-111 126 28 -121


 InvShiftRows state
	120 -68 -71 -99
	-113 -37 -89 -108
	51 -113 74 -93
	126 28 -121 -111


    AddRoundKey state
	-34 105 89 75
	1 109 117 115
	66 -104 46 -90
	78 73 -75 -57


 InvMixColumns state
	44 -81 -66 5
	-79 43 -106 -125
	13 -17 -68 90
	67 -66 35 -123


round: 0
	66 27 90 54
	86 11 53 65
	-13 97 120 70
	100 90 50 103


 InvShiftRows state
	66 27 90 54
	65 86 11 53
	120 70 -13 97
	90 50 103 100


    AddRoundKey state
	115 104 111 0
	32 110 111 0
	74 32 -128 0
	111 87 0 0


